14911422035047829382354677103622991344344227
5383672966068771598510756566363559
9355231612468284015315750022497021
805727978974370641793180835301863
2786017972172809491368316466991637
8573690501863224589151947953242375
2236668304732132361103048327930717
4152020150064779927341380581311096
6292845721266192868535747119769776
795494820114688474294642997348975
5174267273260060631412330341794974
4066357175208184401498867539730223
3427047538058238828348812650958962
9538204544024532870544023134771065
6566612829083447066626311791051284
2407920488682101522888256090351478
