12 13 23 
123 124 125 126 134 135 136 145 146 156 234 235 236 245 246 256 345 346 356 456 
12 13 14 15 16 17 18 23 24 25 26 27 28 34 35 36 37 38 45 46 47 48 56 57 58 67 68 78 
1234 1235 1245 1345 2345 
1234567 1234568 1234578 1234678 1235678 1245678 1345678 2345678 
123 124 125 126 127 128 129 134 135 136 137 138 139 145 146 147 148 149 156 157 158 159 167 168 169 178 179 189 234 235 236 237 238 239 245 246 247 248 249 256 257 258 259 267 268 269 278 279 289 345 346 347 348 349 356 357 358 359 367 368 369 378 379 389 456 457 458 459 467 468 469 478 479 489 567 568 569 578 579 589 678 679 689 789 
1 2 
1234 1235 1245 1345 2345 
1234 1235 1236 1245 1246 1256 1345 1346 1356 1456 2345 2346 2356 2456 3456 
12 13 14 15 16 17 18 23 24 25 26 27 28 34 35 36 37 38 45 46 47 48 56 57 58 67 68 78 
