1231231231231242352341278934 33
1232352347581238974589723475723894 2
123128374523748951892730471283745723047 3
12348283748972897389477289359479723789451676823 35
12467238645767263478657862378642364734123462736547826937465129365762178934627163476128934 4
123426345761823423477286347 22
1247823546178263784617236848192736748 30
23867451896237845617896237894567812634785782613765 10
23647826734657861293764781 5
132647826347856912762345781678263457671862364586123794671826937467189263746712834656726378567186237846 8
2378429138674627836586178263845126378364186279364869134523412341234231 7
1234234571263457867168273675413 24
123432495078238947581782342345346 18
128345817263894791264561276349671263435123 3
3456781239456197263462361975193456 29
-1 9900